1 593 108
2 188 498
3 440 441
4 491 386
5 841 29
6 509 925
7 739 586
8 233 66
9 86 248
10 12 979
11 793 312
12 906 313
13 302 448
14 301 60
15 391 536
16 906 910
17 273 500
18 356 770
19 19 835
20 192 152
21 671 669
22 939 922
23 677 861
24 609 7
25 361 396
26 464 21
27 598 150
28 136 267
29 248 938
30 784 891
31 449 438
32 656 834
33 790 496
34 293 319
35 274 52
36 163 636
37 596 2
38 905 97
39 780 423
40 169 329
41 516 654
42 294 271
43 265 93
44 249 30
45 676 403
46 118 858
47 792 129
48 900 714
49 23 521
50 565 242
51 343 740
52 511 491
53 970 242
54 953 186
55 411 772
56 175 999
57 583 49
58 376 762
59 499 994
60 714 953
61 152 681
62 46 182
63 976 78
64 382 703
65 314 463
66 155 674
67 575 544
68 77 847
69 661 964
70 439 666
71 461 710
72 691 132
73 776 987
74 1000 633
75 676 169
76 657 703
77 263 736
78 115 713
79 898 329
80 515 435